---
images/redline.png: 2015-06-07 12:37:12.000000000 +02:00
images/el-9400.jpg: 2015-06-07 12:37:12.000000000 +02:00
images/baduk.jpg: 2015-08-11 09:14:47.000000000 +02:00
images/dungeon-of-cohadar.png: 2015-08-11 09:15:05.000000000 +02:00
images/vrganj.jpg: 2015-08-12 09:38:43.000000000 +02:00
