---
images/redline.png: 2015-06-07 12:37:12.000000000 +02:00
images/el-9400.jpg: 2015-06-07 12:37:12.000000000 +02:00
