---
images/redline.png: 2015-05-30 14:17:28.000000000 +02:00
images/el-9400.jpg: 2015-05-30 15:00:56.000000000 +02:00
